46
(280200623, 280200620)
(280200620, 412249443)
(412249443, 280199207)
(280199207, 773982493)
(773982493, 1165498107)
(1165498107, 137992808)
(137992808, 124365951)
(124365951, 124367355)
(124367355, 475876236)
(280200620, 280200623)
(412249443, 280200620)
(280199207, 412249443)
(773982493, 280199207)
(1165498107, 773982493)
(137992808, 1165498107)
(124365951, 137992808)
(124367355, 124365951)
(475876236, 124367355)
(1188176567, 1185192020)
(1185192020, 1185192041)
(1185192041, 698819576)
(698819576, 534478850)
(534478850, 419777471)
(419777471, 419777463)
(419777463, 1278184335)
(1278184335, 124365951)
(124365951, 452577992)
(452577992, 452583935)
(452583935, 408432568)
(408432568, 1277686170)
(1277686170, 1277686165)
(1277686165, 387449136)
(1185192020, 1188176567)
(1185192041, 1185192020)
(698819576, 1185192041)
(534478850, 698819576)
(419777471, 534478850)
(419777463, 419777471)
(1278184335, 419777463)
(124365951, 1278184335)
(452577992, 124365951)
(452583935, 452577992)
(408432568, 452583935)
(1277686170, 408432568)
(1277686165, 1277686170)
(387449136, 1277686165)