1245
(100118436, 100118446)
(100118436, 1279864316)
(100118436, 1279864319)
(100118437, 112686789)
(100118437, 114308210)
(100118437, 1224758699)
(100118437, 1224758731)
(100118437, 1277620309)
(100118442, 100118446)
(100118442, 100118454)
(100118442, 1224758703)
(100118446, 100118442)
(100118446, 100118454)
(100118446, 1279864316)
(100118450, 100118454)
(100118450, 100118457)
(100118450, 111467284)
(100118454, 100118442)
(100118454, 100118446)
(100118454, 100118450)
(100118457, 111467284)
(100118459, 100118450)
(100118737, 285908638)
(1043000780, 25632425)
(1092997347, 112594210)
(1092997347, 126597343)
(1097379489, 128655628)
(1097379489, 128657097)
(1097379493, 415398836)
(1097379540, 1097379489)
(1097379540, 1097379639)
(1097379603, 1097379540)
(1097379607, 1097379489)
(1097379622, 1097379603)
(1097379634, 1097379493)
(1097379639, 1103500473)
(1097394501, 1097394745)
(1097394611, 1097394501)
(1097394745, 114314002)
(1103500473, 1097379607)
(1103500473, 1103952886)
(1103500531, 128655634)
(1103952820, 1097394501)
(1103952841, 1103952948)
(1103952841, 114314002)
(1103952886, 1103500473)
(1103952886, 114310261)
(1103952920, 1103952841)
(1103952948, 1103952841)
(1103952948, 114310449)
(1105950420, 431647264)
(1105954942, 429544634)
(1105955001, 428215354)
(1106006309, 299579036)
(1106006309, 410190901)
(1106228175, 125384237)
(1108123561, 122525425)
(1108123561, 311886643)
(1108247114, 125384242)
(1108247114, 314028345)
(1108247114, 314074712)
(1110673556, 128677718)
(1110673556, 138216828)
(1110698273, 353286182)
(1110698273, 475392102)
(111428018, 1264279356)
(111428018, 1294005343)
(111428018, 311886808)
(111428023, 311886808)
(111429620, 111439225)
(111429620, 311886933)
(111439225, 111429620)
(111439225, 497991253)
(111448463, 1296455203)
(111448463, 285908607)
(111449497, 479292807)
(111451063, 479512743)
(111455340, 1296455177)
(111459775, 111459780)
(111459780, 1280038245)
(111467278, 111467280)
(111467278, 1280038247)
(111467280, 111467278)
(111467280, 111467281)
(111467280, 111467284)
(111467280, 1224758714)
(111467281, 100118450)
(111467281, 111467280)
(111467281, 111467284)
(111467284, 100118459)
(111467284, 111467281)
(111481563, 1277647420)
(111481563, 476019044)
(111486035, 111467280)
(111505998, 111428018)
(111506652, 111619645)
(111506652, 111631898)
(111506652, 1236467498)
(111506652, 96496392)
(111506652, 96497011)
(111506653, 125366359)
(111506653, 96496394)
(111507449, 111619645)
(111619645, 111505998)
(111619645, 111506652)
(111619645, 111632672)
(111619645, 1236467498)
(111631898, 111632672)
(111631898, 1236467449)
(111631898, 96496392)
(111632672, 111506652)
(111632672, 111619645)
(111632672, 111631898)
(111632672, 96497009)
(111632674, 112613533)
(111632674, 112613538)
(111632674, 96497009)
(111632674, 96497010)
(111632976, 416480025)
(111632976, 96497011)
(111634978, 111648502)
(111634978, 96497015)
(111636730, 111632976)
(111646762, 1236467461)
(111647989, 111648502)
(111647989, 122445139)
(111648486, 111648502)
(111648486, 96497011)
(111648502, 111634978)
(111648502, 111647989)
(111798983, 1264279425)
(111830193, 510786377)
(111830200, 1106228175)
(112580224, 497871073)
(112581017, 387447918)
(112594210, 111646762)
(112594210, 126597343)
(112594210, 510772505)
(112613531, 112613532)
(112613531, 112613533)
(112613531, 96497011)
(112613532, 112613531)
(112613532, 112613533)
(112613532, 1225943165)
(112613532, 416480025)
(112613532, 429378638)
(112613532, 429378639)
(112613532, 96497010)
(112613533, 111632674)
(112613533, 112613532)
(112613533, 112613538)
(112613533, 112613546)
(112613533, 96497010)
(112613538, 111632674)
(112613538, 112613533)
(112613538, 112613540)
(112613538, 112613542)
(112613540, 112613538)
(112613540, 112613542)
(112613542, 112613538)
(112613542, 112613540)
(112613542, 112613546)
(112613542, 430284844)
(112613546, 112613532)
(112613546, 112613542)
(112613546, 112613556)
(112613546, 112652019)
(112613546, 296058885)
(112613556, 112613546)
(112613556, 296058885)
(112613556, 542811466)
(112613586, 112652009)
(112613590, 420774512)
(112613592, 287458435)
(112613598, 112613590)
(112613598, 112652006)
(112613602, 424079995)
(112613604, 112613608)
(112613604, 112613613)
(112613604, 430267079)
(112613604, 431925048)
(112613604, 738940435)
(112613605, 112613608)
(112613608, 112613604)
(112613608, 112613613)
(112613608, 445041897)
(112613613, 112613604)
(112613613, 112613608)
(112613613, 112613622)
(112613613, 112613631)
(112613613, 445041899)
(112613621, 112613613)
(112613622, 112613613)
(112613629, 269565778)
(112613631, 445041915)
(112613631, 790021301)
(112613634, 112613621)
(112613636, 112617111)
(112613636, 445041898)
(112617111, 112613634)
(112617111, 112613636)
(112617111, 112617112)
(112617111, 430267067)
(112617111, 445041898)
(112617112, 112617111)
(112617112, 112617113)
(112617113, 112617112)
(112617113, 444041716)
(112617126, 112617132)
(112617126, 130212519)
(112617126, 447872455)
(112617126, 447872458)
(112617126, 488593331)
(112617127, 112617128)
(112617127, 488593331)
(112617128, 112617127)
(112617128, 112617129)
(112617128, 663689451)
(112617129, 112617128)
(112617129, 112617136)
(112617132, 112617135)
(112617135, 112617146)
(112617135, 921193542)
(112617136, 112617129)
(112617136, 112617137)
(112617137, 112617136)
(112617137, 112617162)
(112617140, 112617135)
(112617146, 128655622)
(112617147, 128655622)
(112617154, 112617140)
(112617162, 112617154)
(112617162, 128657101)
(112617163, 112617137)
(112617163, 112664172)
(112617167, 112617162)
(112617167, 114310261)
(112617167, 114310449)
(112617167, 128657100)
(112652006, 112652012)
(112652009, 287458435)
(112652012, 112652019)
(112652012, 128560413)
(112652012, 444004648)
(112652018, 112652019)
(112652018, 430284844)
(112652019, 112613546)
(112652019, 112652018)
(112652019, 297370151)
(112664172, 112617162)
(112664172, 663689451)
(112675709, 112675715)
(112675709, 137818312)
(112675712, 112675715)
(112675712, 137818312)
(112675712, 90378707)
(112675715, 1143318304)
(112686789, 111481563)
(114308210, 1277620309)
(114310261, 1103952886)
(114310261, 112617167)
(114310449, 1103952948)
(114310449, 112617167)
(114314002, 114315556)
(114315556, 319327528)
(114322163, 1103952920)
(114323946, 114326092)
(114326092, 276935832)
(1143317795, 497991108)
(1143318304, 1263433204)
(1161739676, 122452429)
(1161930075, 1165604071)
(1161930075, 126635921)
(1165490360, 1165604071)
(1165498107, 413564238)
(1165498116, 138205502)
(1165603971, 427277909)
(1165604001, 343646710)
(1165604071, 1161739676)
(1165604071, 128560449)
(1165604071, 349907649)
(1165604083, 126647309)
(1165604104, 1165490360)
(1165604104, 1165498107)
(1165604104, 126617354)
(1165604123, 126647309)
(1185192041, 791709777)
(1202110381, 839884893)
(1202110383, 335741102)
(1202110494, 475355976)
(1202110497, 1216466439)
(1202110497, 335740655)
(1209790950, 411504969)
(1216466368, 128560423)
(1216466391, 475347093)
(1216466439, 1092997347)
(1216466457, 128560437)
(1216751949, 335740653)
(1216751949, 343646734)
(1223751627, 343634629)
(1223751669, 412249451)
(1223751698, 299574280)
(122445139, 1225943165)
(122452407, 1343998920)
(122452407, 411627955)
(122452425, 1232608730)
(122452429, 474691686)
(1224758699, 100118437)
(1224758699, 137884299)
(1224758703, 100118442)
(1224758703, 1224758714)
(1224758703, 311624110)
(1224758714, 111467280)
(1224758714, 1224758703)
(1224758714, 1280038247)
(1224758714, 311624195)
(1224758731, 100118437)
(1224758731, 1277620309)
(122491913, 1106006309)
(122525235, 497991253)
(122525425, 848513298)
(122528346, 480495881)
(1225943154, 257735157)
(1225943159, 112613531)
(1225943159, 1225943165)
(1225943165, 112613531)
(1225943165, 112613532)
(1225943165, 416480025)
(1232608730, 1165604104)
(1234709058, 25632227)
(1236467439, 111632976)
(1236467439, 1236467491)
(1236467449, 410768934)
(1236467449, 96497003)
(1236467449, 96497006)
(1236467449, 96497009)
(1236467461, 111636730)
(1236467461, 96497011)
(1236467491, 353290230)
(1236467498, 111506652)
(1236467498, 111619645)
(1236467498, 96496392)
(1236467507, 1236467593)
(1236467507, 96496392)
(1236467593, 1236467507)
(1236467593, 96496392)
(1236467593, 96497006)
(1236467603, 111632976)
(1240383977, 112613586)
(1240383977, 431647245)
(1240383977, 435240878)
(124365949, 1295575257)
(124365949, 452682212)
(124365949, 452682256)
(124367355, 124365949)
(124367355, 285944515)
(1243809336, 111798983)
(1243809336, 510786372)
(124388786, 112675712)
(124388786, 1264279425)
(124388786, 137818312)
(124388786, 335561219)
(124388786, 335561253)
(124388814, 473872067)
(124388814, 475360031)
(125366359, 111506653)
(125366359, 111619645)
(125375424, 416480025)
(125384237, 314027917)
(125384242, 314075584)
(1263433204, 25632284)
(1263433204, 25632364)
(126401360, 314074576)
(126401370, 126401360)
(1264279299, 311887242)
(1264279299, 495503510)
(1264279316, 1105954942)
(1264279319, 1294005343)
(1264279356, 311886689)
(1264279362, 111830193)
(1264279362, 1243809336)
(1264279369, 126539514)
(1264279385, 1264279393)
(1264279385, 1264279459)
(1264279393, 1264279319)
(1264279425, 112675712)
(1264279425, 1264279362)
(1264279425, 428214900)
(1264279447, 311887242)
(1264279447, 495503510)
(1264279447, 497317056)
(1264279459, 1264279385)
(1264279459, 1264279471)
(1264279471, 1264279447)
(126539514, 1243809336)
(126592365, 1202110497)
(126592365, 343646734)
(126592365, 425727393)
(126597343, 112675709)
(126597343, 475347093)
(126600959, 474541483)
(126604779, 297370410)
(126604779, 792070361)
(126604780, 25504120)
(126604780, 297370410)
(126604784, 126604780)
(126608577, 126604784)
(126617354, 418091973)
(126617354, 513920936)
(126617354, 513920937)
(126617428, 1232608730)
(126627562, 343646665)
(126635919, 126617354)
(126635921, 1165498116)
(126635921, 353287405)
(126647309, 138246940)
(126647309, 419777463)
(1270263272, 839884893)
(1270263272, 840460282)
(1277620309, 100118437)
(1277620309, 1224758731)
(1277620309, 1277620331)
(1277620309, 475719552)
(1277620331, 100118437)
(1277620331, 1277620309)
(1277620331, 1279864319)
(1278714045, 285952054)
(1278758095, 25632400)
(1279779530, 1296455261)
(1279864316, 100118436)
(1279864316, 100118446)
(1279864319, 100118436)
(1279864319, 1277620331)
(1279864319, 475719552)
(1280038245, 285908638)
(1280038247, 111467278)
(1280038247, 1224758714)
(128560413, 430284855)
(128560413, 788743370)
(128560415, 1240383977)
(128560423, 128560415)
(128560423, 128560429)
(128560423, 297880050)
(128560429, 128560423)
(128560429, 128560439)
(128560429, 128566335)
(128560437, 128560429)
(128560439, 425725652)
(128560448, 343646728)
(128560449, 474793789)
(128560449, 474794846)
(128566335, 343646749)
(128597080, 1165604001)
(128597080, 126627562)
(128650147, 112613621)
(128655622, 128657097)
(128655622, 415398838)
(128655628, 1103500531)
(128655634, 128655644)
(128655644, 1097379622)
(128655644, 128655657)
(128655644, 698819576)
(128655657, 128655644)
(128655657, 417060491)
(128655665, 414913212)
(128657096, 128655628)
(128657097, 112617163)
(128657097, 112617167)
(128657100, 112617167)
(128657101, 128657096)
(128668286, 128668296)
(128668294, 428471588)
(128668296, 128668304)
(128668304, 128668294)
(128668304, 493769298)
(128668311, 314553861)
(128669170, 128668286)
(128669170, 314553200)
(128672584, 128669170)
(128672584, 479183245)
(128673221, 138216828)
(128673221, 478863447)
(128677718, 285948428)
(128679581, 285948522)
(1291503776, 122452407)
(1291503776, 299613373)
(1294005343, 111507449)
(1294005343, 125366359)
(129545993, 25620743)
(129548927, 452682304)
(129553665, 129554561)
(129553667, 138235495)
(129554561, 138246940)
(129554561, 419777463)
(1295575257, 137992808)
(129557542, 25620960)
(129559333, 138235495)
(1296455182, 111448463)
(1296455203, 111455340)
(1296455203, 1296455228)
(1296455208, 111455340)
(1296455228, 285951774)
(1296455235, 1296455261)
(1296455264, 1279779530)
(1296455270, 1296455373)
(1296455336, 476019044)
(1296455366, 480348682)
(1296455373, 1296455336)
(1296455475, 1296455235)
(129792727, 506097301)
(129953503, 335560625)
(129953504, 475049092)
(130212519, 112617126)
(130212519, 447872455)
(1309194531, 111428023)
(1309194531, 1264279319)
(1310374772, 1278758095)
(1310374772, 987217411)
(1316963161, 129953503)
(1316979571, 475394871)
(1334167603, 299579035)
(1334167603, 299579766)
(1343998920, 1334167603)
(1343998920, 343634517)
(1343998920, 410383145)
(135857470, 129553667)
(135857470, 138233991)
(135857470, 138235495)
(137818312, 1110673556)
(137818312, 128673221)
(137831894, 1234709058)
(137831894, 25632362)
(137831894, 285948428)
(137831894, 314549177)
(137831894, 475548529)
(137831896, 25632365)
(137882131, 1224758699)
(137882131, 135857470)
(137882131, 285967414)
(137884299, 137882131)
(137896693, 138244094)
(137901873, 423185216)
(137903870, 138235495)
(137959671, 137903870)
(137970173, 25632467)
(137992808, 137994720)
(137993249, 128560449)
(137994720, 1165604104)
(138205502, 1209790950)
(138205502, 126627562)
(138216828, 285948429)
(138231433, 137882131)
(138233991, 135857470)
(138235495, 129545993)
(138235495, 25620737)
(138235495, 25620743)
(138235495, 25620747)
(138235495, 402518292)
(138244094, 285967914)
(138244094, 560976005)
(138246606, 423185219)
(138246940, 1165603971)
(138246940, 138251514)
(138248032, 138244094)
(138251514, 560401016)
(138251514, 560409086)
(25504120, 297880007)
(25620737, 285944515)
(25620743, 285952054)
(25620747, 25620737)
(25620747, 958308578)
(25620960, 135857470)
(25620960, 475410511)
(25632227, 25632364)
(25632228, 25632229)
(25632229, 285948428)
(25632229, 285948429)
(25632231, 25632229)
(25632284, 25632285)
(25632285, 452682212)
(25632285, 452682249)
(25632292, 1110698273)
(25632362, 427067727)
(25632364, 129953504)
(25632364, 25632231)
(25632365, 25632292)
(25632398, 129553665)
(25632400, 138235495)
(25632400, 286968787)
(25632413, 126647309)
(25632425, 25632413)
(25632463, 513920936)
(25632467, 299614066)
(257735156, 1270263272)
(257735157, 257735156)
(257735157, 257735162)
(257735161, 429378625)
(257735162, 257735161)
(257735196, 257735157)
(257735196, 257735162)
(257735196, 429378625)
(257735446, 429378625)
(26016411, 335739291)
(26016411, 840460282)
(269565778, 299573943)
(269565778, 445041887)
(276935832, 1103952820)
(280199207, 411504966)
(280200160, 112613604)
(280200160, 788826675)
(280200407, 444011313)
(280200623, 788826675)
(280200644, 280200407)
(285908607, 285951310)
(285908638, 111459769)
(285908638, 1280038244)
(285911002, 1296455175)
(285944515, 137831894)
(285944515, 137831896)
(285944515, 285948522)
(285948428, 285948524)
(285948428, 285948670)
(285948428, 314549177)
(285948429, 475548529)
(285948522, 129557542)
(285948522, 137831894)
(285948524, 137831894)
(285948670, 137831894)
(285951310, 480476928)
(285952054, 138231433)
(285952054, 475737531)
(285967414, 137896693)
(285967414, 137901873)
(285967914, 137884299)
(286968787, 25620737)
(286968787, 285948428)
(287458421, 287458435)
(287458435, 112613602)
(287458435, 280200160)
(287458435, 280200623)
(287458435, 430267079)
(287458435, 431925048)
(287458456, 411834913)
(296058885, 1105950420)
(296058885, 112613556)
(296058885, 297370410)
(297369050, 354912518)
(297369050, 560976024)
(297369596, 319327528)
(297369744, 773982479)
(297369930, 431647309)
(297370151, 296058885)
(297370410, 296058885)
(297370410, 297880007)
(297370410, 792070361)
(297880007, 126604779)
(297880007, 297880027)
(297880027, 297880007)
(297880027, 297880042)
(297880027, 431647309)
(297880041, 297880027)
(297880042, 297880050)
(297880050, 128560423)
(297880050, 297880041)
(297880382, 479236120)
(297880386, 609719937)
(299573943, 432578798)
(299574280, 299594483)
(299579035, 1106006309)
(299579036, 790021301)
(299579766, 299582004)
(299582004, 299584069)
(299582004, 793739641)
(299584069, 410190901)
(299594483, 299610763)
(299608221, 269565778)
(299610586, 408438888)
(299610763, 299610766)
(299610766, 1291503776)
(299611716, 1161930075)
(299611716, 406359726)
(299613373, 1343998920)
(299613373, 299614077)
(299614066, 299613373)
(299614077, 513931874)
(311624110, 1224758703)
(311624195, 111486035)
(311624195, 478863572)
(311624197, 311624195)
(311886643, 481392111)
(311886689, 1264279385)
(311886808, 311886864)
(311886808, 311886933)
(311886864, 495173377)
(311886933, 111429620)
(311886933, 1309194531)
(311886935, 311886933)
(311887238, 311887298)
(311887238, 493669216)
(311887241, 1264279447)
(311887241, 500009820)
(311887242, 311887238)
(311887298, 312403323)
(311887298, 314041366)
(311887302, 312403323)
(311887302, 312403827)
(311887303, 311886935)
(311887303, 311887302)
(311887399, 495570538)
(311888522, 311889073)
(311888776, 428215354)
(311889073, 314028302)
(311889487, 128672584)
(312403323, 311887298)
(312403323, 311887302)
(312403827, 497185200)
(314027917, 1108247114)
(314027917, 314028345)
(314028302, 125384242)
(314028345, 1108247114)
(314041366, 311887241)
(314043011, 1264279369)
(314043899, 314027917)
(314074576, 428214909)
(314074712, 314043011)
(314075474, 314075584)
(314075584, 311888776)
(314075584, 497171006)
(314536490, 663689338)
(314549177, 124367355)
(314549177, 25620960)
(314553200, 297880382)
(314553200, 479435788)
(314553861, 495570509)
(316511863, 474794846)
(319327528, 114322163)
(319327528, 114323946)
(319327528, 560978249)
(335560625, 124388786)
(335560625, 90378707)
(335561219, 124388814)
(335561219, 129792727)
(335561219, 90378707)
(335561253, 124388786)
(335561253, 124388814)
(335561253, 90378707)
(335562045, 335561253)
(335739291, 26016411)
(335739291, 335739958)
(335739958, 335739968)
(335739968, 1216751949)
(335740653, 335740659)
(335740655, 1202110381)
(335740659, 335739291)
(335741102, 1202110497)
(343634517, 343634560)
(343634560, 698819572)
(343634629, 1223751698)
(343634629, 411504966)
(343646655, 435477343)
(343646665, 1161930075)
(343646665, 343646668)
(343646666, 343646655)
(343646668, 416417201)
(343646710, 474794846)
(343646728, 416007716)
(343646734, 1216466439)
(343646734, 1216751949)
(343646734, 474728387)
(343646753, 1216466368)
(343646768, 428214957)
(349907649, 129548927)
(349907807, 122452425)
(349907807, 1316979571)
(349907807, 138205502)
(353286182, 1316963161)
(353287405, 1165498107)
(353287405, 501225739)
(353290230, 112594210)
(354912518, 354912520)
(354912518, 354917936)
(354912518, 560409086)
(354912520, 138248032)
(354912520, 560976024)
(354917933, 354912518)
(354917936, 354912518)
(387447918, 112580224)
(387447918, 257735196)
(387447918, 257735446)
(387447918, 410690424)
(402518292, 25620743)
(406359726, 299611716)
(406359726, 444023185)
(408438888, 1223751627)
(409117206, 410383145)
(410190901, 412525211)
(410199072, 96497009)
(410199074, 410768934)
(410199074, 698816664)
(410383145, 1291503776)
(410383145, 299610586)
(410690424, 497871206)
(410768934, 111634978)
(410768934, 410769897)
(410769897, 429433615)
(410769901, 429433615)
(411504966, 343634629)
(411504966, 432578810)
(411504966, 444017068)
(411504969, 444011313)
(411504999, 411504966)
(411614908, 1165604071)
(411614908, 126635919)
(411627955, 411614908)
(411834913, 128597080)
(411842220, 411614908)
(412249450, 411504999)
(412249451, 506111845)
(412525211, 1291503776)
(413564238, 299611716)
(414127319, 414905368)
(414905368, 128655657)
(414913212, 560400990)
(415398836, 112617147)
(415398838, 1185192041)
(416007714, 411504969)
(416007716, 416007714)
(416406600, 343646666)
(416417200, 280199207)
(416417201, 416417200)
(416480025, 111647989)
(416480025, 111648486)
(416480025, 112613531)
(416480025, 125375424)
(417060491, 128655665)
(418015099, 414127319)
(418091973, 122452407)
(419777463, 1310374772)
(419777463, 137959671)
(419777463, 137970173)
(420774512, 112613592)
(420774512, 432597947)
(420776945, 112613604)
(420776945, 430267079)
(420776945, 431925048)
(422547977, 497870961)
(422547977, 497871060)
(423185216, 1310374772)
(423185219, 1310374772)
(424016771, 299582004)
(424079992, 788826675)
(424079995, 430006693)
(425725652, 474793789)
(425727393, 343646753)
(425743085, 1202110494)
(427067727, 128673221)
(427067727, 335562045)
(427277909, 299614066)
(428214872, 90379615)
(428214900, 126401370)
(428214900, 311889487)
(428214909, 428214919)
(428214919, 428214931)
(428214931, 428471588)
(428214957, 1216466391)
(428215354, 128668304)
(428215354, 479512737)
(428215628, 1143317795)
(428215628, 311887399)
(428217250, 1092997347)
(428217250, 126592365)
(428217250, 473849274)
(428217626, 1236467449)
(428217626, 96497006)
(428217628, 428217626)
(428217629, 428217634)
(428217634, 429544145)
(428471588, 314553200)
(428471588, 609719937)
(429262398, 452682249)
(429378625, 1225943159)
(429378625, 257735196)
(429378625, 387447918)
(429378638, 257735196)
(429378639, 257735161)
(429380574, 422547977)
(429380574, 497871060)
(429381406, 497870717)
(429381406, 497870739)
(429381406, 497922604)
(429381406, 497922611)
(429381410, 126539514)
(429381410, 501142189)
(429432812, 429432823)
(429432812, 501142189)
(429432818, 501142189)
(429432818, 510772505)
(429432820, 1264279299)
(429432820, 500010035)
(429432823, 429432820)
(429433615, 429544560)
(429433615, 497922651)
(429542193, 429544636)
(429542193, 497922604)
(429542193, 697477094)
(429542193, 698816665)
(429544144, 429544588)
(429544145, 429544634)
(429544560, 429542193)
(429544564, 429544568)
(429544568, 429544575)
(429544575, 429544588)
(429544588, 428217628)
(429544634, 429542193)
(429544636, 429544144)
(429544636, 497311321)
(429833953, 112613605)
(429833953, 430267079)
(429833953, 431615495)
(429833953, 431925048)
(429833953, 738940435)
(430006693, 412249450)
(430267067, 112617111)
(430267067, 287458421)
(430267067, 430284855)
(430267067, 431615495)
(430267067, 445041898)
(430267067, 737397751)
(430267079, 112613598)
(430267079, 431925048)
(430267079, 788826675)
(430284844, 112613542)
(430284844, 112652018)
(430284844, 430284855)
(430284855, 128560413)
(430284855, 430267067)
(430284855, 430284844)
(431615495, 429833953)
(431615495, 430267067)
(431615495, 445041897)
(431647245, 128560413)
(431647264, 112613586)
(431647309, 297880027)
(431647309, 435240878)
(431925048, 112613598)
(431925048, 112613602)
(431925048, 112613604)
(431925048, 280200160)
(431925048, 280200644)
(431925048, 287458435)
(431925048, 424079992)
(432578798, 432578825)
(432578810, 412249451)
(432578825, 297369744)
(432597947, 420774512)
(432597947, 432597949)
(432597947, 444011313)
(432597949, 297369930)
(432597954, 432597947)
(435240878, 128560423)
(435240878, 432597954)
(435477343, 316511863)
(444004648, 1240383977)
(444004670, 128597080)
(444011313, 287458456)
(444011313, 432597947)
(444011313, 444004670)
(444017068, 416406600)
(444023185, 406359726)
(444023185, 773982483)
(444041716, 112617113)
(444041716, 447872455)
(444041716, 447872458)
(445041887, 445041899)
(445041897, 112613608)
(445041897, 429833953)
(445041897, 431615495)
(445041897, 445041898)
(445041898, 112613636)
(445041898, 112617111)
(445041898, 430267067)
(445041898, 445041897)
(445041898, 445041899)
(445041899, 112613621)
(445041899, 112613629)
(445041899, 445041898)
(445041915, 447872458)
(447872455, 112617111)
(447872455, 444041716)
(447872455, 447872458)
(447872458, 112617126)
(447872458, 130212519)
(447872458, 444041716)
(447872458, 447872455)
(447907479, 299608221)
(452682212, 1110698273)
(452682212, 475405136)
(452682234, 501225920)
(452682249, 124367355)
(452682256, 1110698273)
(452682256, 475396373)
(452682304, 452682249)
(473849274, 474385797)
(473849956, 473872067)
(473849956, 475355976)
(473859815, 474549107)
(473872067, 124388786)
(473872067, 473849956)
(473872067, 475360038)
(474385797, 474682657)
(474541483, 474616593)
(474549107, 474682657)
(474616593, 124388786)
(474682657, 475082799)
(474691686, 474694626)
(474694626, 126600959)
(474694626, 475333883)
(474728387, 343646734)
(474728387, 474789323)
(474789315, 343646734)
(474789323, 474794846)
(474789325, 474789315)
(474793789, 1216466457)
(474793789, 349907807)
(474794846, 128560448)
(474794846, 349907807)
(474794846, 474789325)
(475049092, 473872067)
(475082799, 126617428)
(475333883, 343646768)
(475347093, 124388786)
(475347093, 90378707)
(475355976, 126608577)
(475355976, 473849956)
(475360031, 473859815)
(475360038, 1263433204)
(475392102, 137993249)
(475394871, 429262398)
(475396373, 475392102)
(475405130, 452682212)
(475405136, 25632400)
(475405136, 452682234)
(475405136, 475405130)
(475410511, 129553665)
(475546929, 124365949)
(475546929, 958308578)
(475548529, 25620747)
(475548529, 25620960)
(475548529, 285952054)
(475548529, 475546929)
(475719552, 100118436)
(475719552, 1277620331)
(475719552, 1279864319)
(475737531, 111481563)
(475737531, 1296455475)
(476019044, 129559333)
(478632156, 1280038245)
(478632156, 285911002)
(478863447, 506097301)
(478863572, 128673221)
(478863572, 335562045)
(478928008, 479183608)
(479183225, 128672584)
(479183245, 479183608)
(479226661, 479226904)
(479226904, 479226973)
(479226973, 478928008)
(479236120, 479226661)
(479292807, 297880386)
(479435788, 111451063)
(479512737, 479512743)
(479512737, 493769298)
(479512743, 111449497)
(479512743, 479512737)
(480331319, 1296455208)
(480348682, 1296455203)
(480476928, 480482966)
(480482966, 122528346)
(480482966, 848504878)
(480495881, 122525235)
(480495881, 428215628)
(480500597, 1105955001)
(481392111, 495570538)
(488593331, 112617126)
(488593331, 112617127)
(493669216, 311889073)
(493669216, 314041366)
(493769298, 128668311)
(493769298, 314075474)
(495173377, 312403827)
(495570509, 90379615)
(495570520, 480500597)
(495570538, 495570520)
(495570538, 497159080)
(497171006, 311888522)
(497171006, 314043899)
(497185200, 1108123561)
(497311321, 497317073)
(497317056, 1264279316)
(497317056, 1264279459)
(497317073, 1264279471)
(497690573, 429380574)
(497690573, 497871638)
(497690573, 501142189)
(497870717, 497871206)
(497870739, 410769901)
(497870739, 429381406)
(497870739, 497871654)
(497870961, 497690573)
(497871060, 422547977)
(497871060, 497871073)
(497871060, 497871638)
(497871073, 112581017)
(497871073, 497871060)
(497871206, 112581017)
(497871206, 497922774)
(497871261, 497870961)
(497871638, 497690573)
(497871638, 497871261)
(497871638, 497871654)
(497871654, 497870739)
(497871654, 497871638)
(497922579, 698816665)
(497922604, 429381406)
(497922604, 497922579)
(497922611, 429432820)
(497922651, 497870739)
(497922774, 429381406)
(497991108, 311887303)
(497991253, 111439225)
(497991253, 122525425)
(500009820, 429432820)
(500009820, 500009837)
(500009837, 429381406)
(500010035, 429432812)
(501142189, 429381410)
(501142189, 429432812)
(501142189, 429432818)
(501142189, 497690573)
(501142252, 1264279447)
(501142252, 500009820)
(501225739, 475405136)
(501225920, 353287405)
(506097301, 1224758714)
(506097301, 311624197)
(506111845, 420776945)
(510772505, 353290230)
(510772505, 429432818)
(510786372, 111830200)
(510786377, 429381410)
(513920936, 1043000780)
(513920936, 411842220)
(513920937, 513925588)
(513925588, 1165604083)
(513931874, 1165604123)
(542811466, 112613556)
(560400990, 138246606)
(560401016, 418015099)
(560409086, 138246606)
(560409086, 354917936)
(560976005, 297369050)
(560976024, 297369596)
(560978249, 354917933)
(560978249, 354917936)
(609719937, 128672584)
(663689338, 314536490)
(663689338, 663689451)
(663689450, 663689451)
(663689451, 112617128)
(663689451, 112664172)
(663689451, 663689338)
(663689451, 663689450)
(697477094, 429544564)
(697477094, 698816664)
(698816664, 429542193)
(698816665, 410199074)
(698816665, 697477094)
(698819572, 128655644)
(698819576, 409117206)
(704799813, 479183225)
(737397751, 430267067)
(738940435, 112613604)
(738940435, 429833953)
(773982479, 444023185)
(773982483, 773982494)
(773982492, 447907479)
(773982494, 773982492)
(788743370, 112613586)
(788743370, 444004648)
(788826675, 429833953)
(790021301, 122491913)
(790021301, 128650147)
(791709777, 424016771)
(792070361, 425743085)
(793739641, 793739645)
(793739645, 1097379634)
(839884893, 1202110383)
(839884893, 1270263272)
(840460282, 26016411)
(840460282, 840460285)
(840460285, 1225943154)
(848504878, 480331319)
(848513298, 90380350)
(90378707, 112675712)
(90378707, 137818312)
(90378707, 335561219)
(90378707, 335561253)
(90378707, 428217250)
(90378707, 475347093)
(90379615, 1143317795)
(90379615, 428215628)
(90380350, 122528346)
(921193542, 112617126)
(958308578, 25620737)
(96496392, 111506652)
(96496392, 111631898)
(96496392, 1236467507)
(96496392, 96497003)
(96496394, 111506653)
(96496394, 428217626)
(96497003, 428217629)
(96497003, 96496394)
(96497003, 96497006)
(96497006, 1236467449)
(96497006, 1236467593)
(96497006, 96497003)
(96497009, 111632672)
(96497009, 111632674)
(96497009, 1236467449)
(96497009, 96497011)
(96497010, 111632674)
(96497010, 112613532)
(96497010, 112613533)
(96497010, 1225943165)
(96497011, 111631898)
(96497011, 111632672)
(96497011, 111632976)
(96497011, 1236467439)
(96497011, 1236467491)
(96497011, 1236467603)
(96497011, 96497010)
(96497015, 410199072)
(96497015, 410199074)
(987217411, 987217940)
(987217940, 25632463)
