846
100118436
100118437
100118442
100118446
100118450
100118454
100118457
100118459
100118649
100118695
100118737
1043000780
1092997347
1097379477
1097379489
1097379493
1097379540
1097379603
1097379607
1097379622
1097379634
1097379639
1097394501
1097394611
1097394654
1097394662
1097394670
1097394745
1103500473
1103500531
1103952820
1103952841
1103952886
1103952920
1103952948
1105950420
1105954942
1105955001
1106006309
1106228175
1108123561
1108247114
1110673556
1110698273
111428018
111428020
111428023
111429620
111439225
111448463
111449497
111451063
111455340
111459769
111459775
111459780
111467278
111467280
111467281
111467284
111467467
111481563
111484790
111486035
111505998
111506652
111506653
111507449
111619645
111631898
111632672
111632674
111632976
111634978
111636730
111646762
111647989
111648486
111648502
111798983
111830193
111830200
112580224
112581017
112594210
112594236
112613531
112613532
112613533
112613538
112613540
112613542
112613546
112613556
112613586
112613590
112613592
112613598
112613602
112613604
112613605
112613608
112613613
112613621
112613622
112613629
112613631
112613634
112613636
112617111
112617112
112617113
112617126
112617127
112617128
112617129
112617132
112617135
112617136
112617137
112617140
112617146
112617147
112617154
112617162
112617163
112617167
112652006
112652009
112652012
112652018
112652019
112664172
112675709
112675712
112675715
112686789
112688580
112688584
112688591
112688618
112688627
114308210
114309772
114309776
114310261
114310449
114314002
114315556
114322163
114323946
114326092
1143316313
1143316780
1143317795
1143318304
1161739676
1161930075
1165490360
1165498107
1165498116
1165603971
1165604001
1165604071
1165604083
1165604104
1165604123
1185192041
1198805189
1198805201
1202110381
1202110383
1202110494
1202110497
1209790950
1216466368
1216466391
1216466439
1216466457
1216751949
1223751578
1223751627
1223751669
1223751698
122439070
122445139
122452407
122452425
122452429
1224758699
1224758703
1224758714
1224758731
122491913
122525235
122525425
122528346
1225943154
1225943159
1225943165
1232608730
1234709058
1236467439
1236467449
1236467461
1236467491
1236467498
1236467507
1236467593
1236467603
1240383977
124365949
124367355
1243809336
124388786
124388814
1252543236
125366359
125375424
125384237
125384242
1263433204
126401360
126401370
1264279299
1264279316
1264279319
1264279356
1264279362
1264279369
1264279385
1264279393
1264279425
1264279447
1264279459
1264279471
126539514
126592365
126597343
126600959
126604779
126604780
126604784
126608577
126617354
126617428
126627562
126635919
126635921
126647309
1270263272
1277620309
1277620331
1277647420
1278184335
1278184350
1278714045
1278758095
1279779530
1279795688
1279864316
1279864319
1280038244
1280038245
1280038247
128560413
128560415
128560423
128560429
128560437
128560439
128560448
128560449
128566335
128597080
128650147
128655622
128655623
128655628
128655634
128655644
128655657
128655665
128657096
128657097
128657100
128657101
128668286
128668294
128668296
128668304
128668311
128669170
128672584
128673221
128673222
128677718
128679581
1291503776
1294005343
129545993
129545994
129548927
129553665
129553667
129554561
1295575257
129557542
129559333
1296455175
1296455176
1296455177
1296455182
1296455203
1296455208
1296455228
1296455235
1296455261
1296455264
1296455270
1296455305
1296455336
1296455366
1296455370
1296455373
1296455397
1296455403
1296455475
129792727
129953503
129953504
130212519
1305103907
1305103908
1309194531
1310374772
1316963161
1316979571
1334167603
1343998920
135857470
137818312
137831894
137831896
137882131
137884299
137896693
137901873
137903870
137959671
137970173
137992808
137993249
137994720
138205502
138216828
138231433
138233991
138235495
138244094
138246606
138246940
138248032
138251413
138251514
25504120
25620737
25620743
25620747
25620960
25632227
25632228
25632229
25632230
25632231
25632279
25632284
25632285
25632292
25632362
25632364
25632365
25632398
25632400
25632413
25632425
25632463
25632467
257735156
257735157
257735161
257735162
257735196
257735446
26016411
269565778
276932539
276935832
280199207
280200160
280200167
280200407
280200623
280200644
285908607
285908619
285908638
285910461
285910932
285911002
285944515
285948428
285948429
285948522
285948524
285948670
285951310
285951774
285952054
285967414
285967914
286968787
287458421
287458435
287458456
296058885
297369050
297369596
297369744
297369930
297370151
297370410
297880007
297880027
297880041
297880042
297880050
297880382
297880386
297880608
299573943
299574280
299579035
299579036
299579766
299582004
299584069
299594483
299607856
299608221
299610586
299610763
299610766
299611716
299613373
299614066
299614077
311624110
311624195
311624197
311624206
311886643
311886689
311886808
311886862
311886864
311886933
311886935
311887238
311887241
311887242
311887298
311887302
311887303
311887399
311888522
311888687
311888776
311889073
311889366
311889375
311889487
312403323
312403827
312403836
314027917
314028302
314028345
314041366
314043011
314043899
314048268
314074576
314074712
314075173
314075474
314075584
314075673
314536490
314549177
314553200
314553861
316511863
319327528
335560381
335560625
335561219
335561253
335562045
335739291
335739958
335739968
335740653
335740655
335740659
335741102
343634517
343634560
343634629
343646655
343646665
343646666
343646668
343646710
343646728
343646734
343646749
343646753
343646768
349907649
349907807
353286182
353287405
353290230
354912518
354912520
354917933
354917936
387447918
402518292
406359726
408432565
408438888
409117206
410190901
410199072
410199074
410383145
410690424
410768934
410769897
410769901
411504966
411504969
411504999
411614908
411627955
411831031
411834913
411842220
412249450
412249451
412525211
413564238
414127319
414905368
414913212
414952117
415398836
415398838
415754657
415754663
415754668
415754671
415754678
415754700
415754701
416007714
416007716
416406600
416417200
416417201
416480025
417060491
418015099
418091973
419777463
420774512
420776945
422547977
422547985
423185216
423185219
424016771
424079992
424079995
425725652
425727393
425743085
427067727
427067741
427277909
428214872
428214900
428214909
428214919
428214931
428214941
428214957
428215354
428215595
428215628
428217250
428217626
428217628
428217629
428217634
428471588
429262398
429378625
429378638
429378639
429380574
429381406
429381410
429432804
429432812
429432818
429432820
429432823
429433615
429542193
429544144
429544145
429544560
429544564
429544568
429544575
429544588
429544634
429544636
429833953
430006693
430267067
430267079
430284844
430284855
431615495
431647245
431647264
431647309
431925048
432578798
432578810
432578825
432597947
432597949
432597954
435240878
435477343
444004648
444004670
444011313
444017068
444023185
444041716
445041887
445041897
445041898
445041899
445041915
445439344
447872455
447872458
447907479
452682212
452682234
452682249
452682256
452682304
473849274
473849956
473859815
473872067
474385797
474541483
474549107
474616593
474682657
474691686
474694626
474728387
474789315
474789323
474789325
474793789
474794846
475049092
475082799
475333883
475347093
475355976
475360031
475360038
475392102
475394871
475396373
475405130
475405136
475410511
475546929
475548529
475552096
475555174
475704957
475719552
475737531
476019044
478632156
478863380
478863447
478863572
478928008
479183225
479183245
479183608
479226661
479226904
479226973
479236120
479292807
479435788
479512737
479512743
480331319
480348682
480476928
480482966
480495881
480500597
481392111
481401129
488593331
492290151
493669216
493769298
495173377
495503510
495570509
495570520
495570538
497159080
497171006
497185200
497311321
497317056
497317073
497690573
497870351
497870717
497870739
497870961
497871060
497871073
497871206
497871261
497871638
497871654
497922579
497922604
497922611
497922651
497922774
497991108
497991253
500009820
500009837
500010035
501142189
501142252
501225739
501225920
506097301
506111845
510772505
510786372
510786377
513920936
513920937
513925588
513931874
542811466
560400990
560401016
560409086
560975988
560976005
560976024
560978249
609719937
663689234
663689323
663689338
663689440
663689450
663689451
697477094
698816664
698816665
698819572
698819576
704799813
737397751
738940435
773982479
773982483
773982492
773982494
788743370
788826675
790021301
791709777
792070361
793739641
793739645
839884893
840460282
840460285
848504878
848513298
90378707
90379613
90379615
90380350
921193542
958308578
96496392
96496394
96497003
96497006
96497009
96497010
96497011
96497015
987217411
987217940